H     0
S   7   1.00
      0.300996E+04           0.994949E-04
      0.451373E+03           0.772617E-03
      0.102806E+03           0.405930E-02
      0.291474E+02           0.170977E-01
      0.952878E+01           0.615690E-01
      0.345638E+01           0.192015E+00
      0.135638E+01           0.500000E+00
S   1   1.00
      0.561300E+00           1.0000000
S   1   1.00
      0.241026E+00           1.0000000
S   1   1.00
      0.104273E+00           1.0000000
S   1   1.00
      0.439734E-01           1.0000000
S   1   1.00
      0.171020E-01           1.0000000
P   2   1.00
      0.180000E+03           0.352640E-01
      0.300000E+02           0.500000E+00
P   1   1.00
      0.660000E+01           1.0000000
P   1   1.00
      0.210000E+01           1.0000000
P   1   1.00
      0.950000E+00           1.0000000
P   1   1.00
      0.450000E+00           1.0000000
P   1   1.00
      0.150000E+00           1.0000000
P   1   1.00
      0.513050E-01           1.0000000
D   1   1.00
      0.210000E+01           1.0000000
D   1   1.00
      0.700000E+00           1.0000000
D   1   1.00
      0.300000E+00           1.0000000
D   1   1.00
      0.684070E-01           1.0000000
F   1   1.00
      0.250000E+01           1.0000000
F   1   1.00
      0.900000E+00           1.0000000
F   1   1.00
      0.855090E-01           1.0000000
G   1   1.00
      0.320000E+01           1.0000000
G   1   1.00
      0.102610E+00           1.0000000
