Li     0
S   12   1.00
      0.884669E+05           0.125450E-04
      0.132495E+05           0.975394E-04
      0.301504E+04           0.513045E-03
      0.854032E+03           0.216538E-02
      0.278704E+03           0.786351E-02
      0.100686E+03           0.253659E-01
      0.394087E+02           0.719619E-01
      0.164879E+02           0.181504E+00
      0.734787E+01           0.348588E+00
      0.359135E+01           0.532900E+00
      0.195301E+01           0.500000E+00
      0.101030E+01           0.770000E+00
S   4   1.00
      0.377262E+02           0.102727E-02
      0.778069E+01           0.171265E-01
      0.195505E+01           0.158407E+00
      0.481626E+00           0.500000E+00
S   1   1.00
      0.229140E+00           1.0000000
S   1   1.00
      0.932706E-01           1.0000000
S   1   1.00
      0.417901E-01           1.0000000
S   1   1.00
      0.179044E-01           1.0000000
S   1   1.00
      0.706550E-02           1.0000000
P   3   1.00
      0.189396E+03           0.318724E-02
      0.291379E+02           0.616883E-01
      0.677083E+01           0.500000E+00
P   1   1.00
      0.197116E+01           1.0000000
P   1   1.00
      0.653530E+00           1.0000000
P   1   1.00
      0.258317E+00           1.0000000
P   1   1.00
      0.105819E+00           1.0000000
P   1   1.00
      0.431501E-01           1.0000000
P   1   1.00
      0.211960E-01           1.0000000
P   1   1.00
      0.165492E-01           1.0000000
D   1   1.00
      0.175000E+01           1.0000000
D   1   1.00
      0.300000E+00           1.0000000
D   1   1.00
      0.110000E+00           1.0000000
D   1   1.00
      0.282620E-01           1.0000000
F   1   1.00
      0.500000E+00           1.0000000
F   1   1.00
      0.200000E+00           1.0000000
F   1   1.00
      0.353270E-01           1.0000000
G   1   1.00
      0.550000E+00           1.0000000
G   1   1.00
      0.423930E-01           1.0000000
